0 0.971875 0.4609375 0.04375 0.040625
0 0.8125 0.3375 0.03125 0.03125
0 0.6875 0.0640625 0.0375 0.040625
0 0.5578125 0.5625 0.034375 0.03125
0 0.6125 0.1859375 0.20625 0.203125
0 0.575 0.528125 0.0375 0.0375
0 0.98125 0.79375 0.0375 0.05625
0 0.7671875 0.284375 0.053125 0.0625
0 0.06875 0.325 0.1375 0.1375
0 0.771875 0.91875 0.05625 0.0625
0 0.7515625 0.61875 0.040625 0.04375
0 0.93125 0.31875 0.10625 0.1125
0 0.4171875 0.6109375 0.059375 0.059375
0 0.21875 0.4953125 0.04375 0.046875
0 0.7796875 0.4234375 0.046875 0.046875
0 0.29375 0.9671875 0.10 0.065625
0 0.6984375 0.290625 0.046875 0.05
0 0.934375 0.325 0.04375 0.04375
