0 0.0859375 0.579687 0.171875 0.190625 0.00156116
0 0.214062 0.4875 0.103125 0.11875 0.00156689
0 0.779688 0.0109375 0.046875 0.021875 0.00159168
0 0.759375 0.6125 0.08125 0.0875 0.00161076
0 0.653125 0.23125 0.075 0.06875 0.00164223
0 0.39375 0.742188 0.03125 0.028125 0.00171375
0 0.809375 0.320312 0.04375 0.046875 0.00171375
0 0.7625 0.2875 0.09375 0.10625 0.00172043
0 0.49375 0.754687 0.0375 0.034375 0.00174141
0 0.692187 0.404687 0.078125 0.096875 0.00175476
0 0.135937 0.885938 0.221875 0.209375 0.00176811
0 0.7625 0.9125 0.125 0.1 0.00178909
0 0.785937 0.414062 0.078125 0.090625 0.00178909
0 0.165625 0.884375 0.0375 0.03125 0.00178909
0 0.967188 0.270312 0.034375 0.059375 0.00178909
0 0.482812 0.578125 0.034375 0.03125 0.0018177
0 0.684375 0.0109375 0.05625 0.021875 0.00183868
0 0.817187 0.870313 0.046875 0.040625 0.00189686
0 0.667188 0.678125 0.028125 0.025 0.00193405
0 0.982813 0.815625 0.034375 0.06875 0.00195694
0 0.971875 0.7875 0.05625 0.1 0.00201035
0 0.457812 0.290625 0.040625 0.0375 0.00201035
0 0.292188 0.340625 0.028125 0.025 0.00204277
0 0.270312 0.228125 0.034375 0.03125 0.00212479
0 0.942187 0.66875 0.078125 0.05625 0.00214005
0 0.903125 0.375 0.19375 0.29375 0.00215721
0 0.657812 0.717188 0.034375 0.046875 0.00215721
0 0.609375 0.989062 0.0625 0.021875 0.00219917
0 0.289062 0.964063 0.059375 0.040625 0.00220871
0 0.315625 0.960938 0.025 0.034375 0.00231361
0 0.273438 0.9 0.290625 0.2 0.00234222
0 0.8125 0.58125 0.0375 0.0375 0.00234222
0 0.584375 0.809375 0.0375 0.04375 0.00235939
0 0.348437 0.835938 0.028125 0.028125 0.0024929
0 0.573438 0.225 0.184375 0.2 0.00253105
0 0.253125 0.0671875 0.0625 0.065625 0.00255013
0 0.295312 0.807813 0.034375 0.028125 0.00261116
0 0.545313 0.432813 0.084375 0.078125 0.00271416
0 0.107813 0.928125 0.040625 0.03125 0.00282288
0 0.35625 0.107813 0.0375 0.034375 0.00282288
0 0.914062 0.735937 0.159375 0.178125 0.00283432
0 0.284375 0.317187 0.03125 0.028125 0.00286674
0 0.109375 0.365625 0.08125 0.05625 0.00291252
0 0.746875 0.767187 0.05625 0.059375 0.0029583
0 0.145313 0.990625 0.053125 0.01875 0.00298119
0 0.01875 0.0609375 0.0375 0.053125 0.00317192
0 0.995313 0.76875 0.009375 0.01875 0.00322342
0 0.64375 0.721875 0.05625 0.0625 0.00325966
0 0.432813 0.009375 0.040625 0.01875 0.00332451
0 0.954687 0.571875 0.078125 0.0625 0.00332451
0 0.476562 0.148438 0.040625 0.040625 0.00335121
0 0.215625 0.990625 0.0375 0.01875 0.00340271
0 0.182812 0.420312 0.240625 0.153125 0.00348282
0 0.846875 0.98125 0.05625 0.0375 0.00353813
0 0.990625 0.815625 0.01875 0.01875 0.00355148
0 0.10625 0.276563 0.2125 0.309375 0.00370789
0 0.615625 0.223438 0.23125 0.378125 0.00379562
0 0.767187 0.990625 0.059375 0.01875 0.00385475
0 0.315625 0.975 0.0375 0.05 0.00392914
0 0.457812 0.132812 0.059375 0.034375 0.0042305
0 0.301562 0.959375 0.028125 0.03125 0.00426483
0 0.74375 0.0125 0.04375 0.025 0.00441742
0 0.05 0.653125 0.0375 0.04375 0.00457382
0 0.290625 0.984375 0.10625 0.03125 0.00468063
0 0.0515625 0.959375 0.090625 0.075 0.00471878
0 0.45625 0.228125 0.03125 0.03125 0.00475693
0 0.860937 0.275 0.278125 0.325 0.00477219
0 0.93125 0.021875 0.06875 0.04375 0.00494385
0 0.323438 0.867188 0.528125 0.265625 0.00516129
0 0.542188 0.379687 0.040625 0.034375 0.00547028
0 0.465625 0.659375 0.05625 0.04375 0.00561905
0 0.98125 0.182812 0.0375 0.040625 0.00564194
0 0.176563 0.68125 0.034375 0.0375 0.00564194
0 0.945312 0.707812 0.078125 0.053125 0.00570679
0 0.465625 0.954687 0.03125 0.028125 0.00579834
0 0.573438 0.171875 0.434375 0.2875 0.00582123
0 0.05625 0.915625 0.0375 0.0375 0.005867
0 0.920313 0.985937 0.046875 0.028125 0.00600433
0 0.448438 0.917188 0.221875 0.146875 0.006073
0 0.053125 0.43125 0.0375 0.03125 0.00619125
0 0.379687 0.759375 0.040625 0.04375 0.00717545
0 0.246875 0.790625 0.04375 0.05 0.00723267
0 0.845312 0.18125 0.034375 0.03125 0.00728989
0 0.982813 0.540625 0.034375 0.05 0.00740433
0 0.817187 0.320312 0.365625 0.509375 0.00751877
0 0.0859375 0.559375 0.140625 0.1125 0.00763702
0 0.9625 0.859375 0.025 0.025 0.00847626
0 0.61875 0.240625 0.5 0.48125 0.00857544
0 0.285937 0.95 0.078125 0.0375 0.00871277
0 0.175 0.320312 0.35 0.490625 0.00891876
0 0.740625 0.86875 0.025 0.025 0.00901794
0 0.548437 0.453125 0.028125 0.03125 0.00908661
0 0.145313 0.96875 0.109375 0.0625 0.00912476
0 0.917188 0.15625 0.028125 0.03125 0.00993347
0 0.45625 0.15625 0.09375 0.075 0.0104065
0 0.957812 0.96875 0.078125 0.0625 0.0107346
0 0.707812 0.967188 0.028125 0.028125 0.0107346
0 0.19375 0.209375 0.04375 0.03125 0.0115051
0 0.965625 0.009375 0.03125 0.01875 0.0119171
0 0.414062 0.265625 0.028125 0.025 0.0124283
0 0.709375 0.596875 0.025 0.025 0.0139008
0 0.74375 0.795313 0.03125 0.028125 0.014061
0 0.470313 0.973437 0.090625 0.053125 0.0160217
0 0.510938 0.835938 0.046875 0.040625 0.0161591
0 0.975 0.03125 0.0375 0.0375 0.0174408
0 0.907812 0.982813 0.084375 0.034375 0.0177155
0 0.66875 0.214062 0.03125 0.040625 0.0179138
0 0.35625 0.328125 0.03125 0.03125 0.0187225
0 0.942187 0.570312 0.034375 0.040625 0.0199127
0 0.24375 0.309375 0.03125 0.025 0.0208893
0 0.892187 0.459375 0.028125 0.025 0.0222015
0 0.170312 0.792188 0.040625 0.046875 0.0243835
0 0.610937 0.701563 0.028125 0.028125 0.0259094
0 0.853125 0.685938 0.0625 0.065625 0.0282745
0 0.41875 0.540625 0.03125 0.03125 0.0283356
0 0.009375 0.98125 0.01875 0.0375 0.03125
0 0.954687 0.617188 0.078125 0.078125 0.0325928
0 0.809375 0.98125 0.05 0.0375 0.0401611
0 0.884375 0.228125 0.03125 0.025 0.0533142
0 0.226562 0.753125 0.040625 0.0375 0.0616455
0 0.810938 0.3375 0.034375 0.03125 0.0841675
0 0.510938 0.503125 0.034375 0.0375 0.085083
0 0.542188 0.0359375 0.028125 0.028125 0.115173
0 0.0140625 0.0109375 0.028125 0.015625 0.118408
0 0.603125 0.5875 0.03125 0.03125 0.132935
0 0.878125 0.904688 0.05625 0.059375 0.203125
0 0.971875 0.460938 0.04375 0.040625 0.334473
0 0.6875 0.0640625 0.0375 0.034375 0.338135
0 0.557813 0.5625 0.028125 0.03125 0.365723
0 0.603125 0.179688 0.28125 0.178125 0.37793
0 0.417188 0.610937 0.059375 0.053125 0.608398
0 0.575 0.529688 0.0375 0.034375 0.666504
0 0.21875 0.496875 0.04375 0.04375 0.729492
0 0.751562 0.61875 0.040625 0.0375 0.792969
0 0.765625 0.2875 0.05625 0.0625 0.799316
0 0.698438 0.292188 0.046875 0.046875 0.831543
0 0.982813 0.795313 0.034375 0.053125 0.834473
0 0.071875 0.323438 0.1375 0.140625 0.891113
0 0.779688 0.423438 0.046875 0.046875 0.902832
0 0.771875 0.920313 0.05625 0.059375 0.923828
0 0.93125 0.31875 0.1 0.1125 0.937012
0 0.29375 0.965625 0.09375 0.06875 0.94043
