0 0.570312 0.745313 0.084375 0.034375 0.00154877
0 0.476562 0.420312 0.034375 0.040625 0.00156116
0 0.490625 0.915625 0.05625 0.06875 0.00156689
0 0.265625 0.93125 0.0375 0.03125 0.00159168
0 0.873438 0.93125 0.253125 0.1375 0.00160408
0 0.990625 0.153125 0.01875 0.03125 0.00160408
0 0.71875 0.854688 0.26875 0.290625 0.00161076
0 0.540625 0.440625 0.025 0.025 0.00161648
0 0.517187 0.179688 0.040625 0.040625 0.00162315
0 0.604688 0.203125 0.059375 0.0375 0.00162888
0 0.789062 0.75625 0.046875 0.0375 0.0016613
0 0.685938 0.8625 0.078125 0.09375 0.00167465
0 0.0578125 0.545313 0.053125 0.053125 0.00167465
0 0.3375 0.435937 0.0875 0.121875 0.0017004
0 0.954687 0.345313 0.084375 0.084375 0.0017004
0 0.551562 0.659375 0.028125 0.025 0.0017271
0 0.471875 0.54375 0.025 0.025 0.00173378
0 0.804688 0.43125 0.028125 0.025 0.00173378
0 0.242188 0.075 0.228125 0.15 0.00174141
0 0.0671875 0.254687 0.034375 0.028125 0.00174141
0 0.91875 0.776563 0.15 0.278125 0.00175476
0 0.390625 0.309375 0.03125 0.03125 0.00175476
0 0.6625 0.5125 0.0875 0.1 0.00176144
0 0.65625 0.554688 0.05 0.040625 0.00176144
0 0.984375 0.721875 0.03125 0.05625 0.00176811
0 0.971875 0.660937 0.05625 0.103125 0.00177479
0 0.628125 0.69375 0.03125 0.025 0.00177479
0 0.0859375 0.428125 0.171875 0.25625 0.00178242
0 0.646875 0.378125 0.04375 0.0375 0.00179577
0 0.707812 0.239063 0.040625 0.034375 0.00181007
0 0.145313 0.142188 0.034375 0.034375 0.00181007
0 0.9375 0.6125 0.0875 0.1 0.00183868
0 0.04375 0.903125 0.03125 0.03125 0.00184631
0 0.78125 0.479688 0.03125 0.028125 0.00185299
0 0.442187 0.371875 0.028125 0.0375 0.00186062
0 0.101562 0.303125 0.046875 0.04375 0.00186062
0 0.3375 0.5625 0.125 0.1 0.00186729
0 0.0796875 0.4875 0.034375 0.03125 0.00188255
0 0.0578125 0.246875 0.046875 0.04375 0.00188255
0 0.501562 0.984375 0.028125 0.025 0.00188923
0 0.917188 0.579687 0.034375 0.028125 0.00190449
0 0.440625 0.270312 0.03125 0.028125 0.00190449
0 0.171875 0.254687 0.03125 0.028125 0.00191212
0 0.546875 0.854688 0.04375 0.040625 0.00192642
0 0.948438 0.960938 0.103125 0.071875 0.00196457
0 0.85625 0.367188 0.0375 0.028125 0.00199509
0 0.148438 0.85625 0.034375 0.0375 0.00200272
0 0.0046875 0.432813 0.009375 0.040625 0.00200272
0 0.670313 0.271875 0.034375 0.03125 0.00201988
0 0.425 0.507812 0.04375 0.034375 0.00206757
0 0.559375 0.964063 0.06875 0.059375 0.0020752
0 0.803125 0.440625 0.03125 0.03125 0.00209045
0 0.95625 0.06875 0.075 0.06875 0.00209999
0 0.470313 0.632812 0.034375 0.034375 0.00211525
0 0.034375 0.735937 0.06875 0.103125 0.00211525
0 0.451562 0.421875 0.028125 0.03125 0.00211525
0 0.985937 0.784375 0.028125 0.05625 0.00214005
0 0.476562 0.617188 0.028125 0.028125 0.00214005
0 0.717188 0.1375 0.296875 0.275 0.00214958
0 0.767187 0.76875 0.034375 0.025 0.00215721
0 0.396875 0.13125 0.03125 0.025 0.00215721
0 0.23125 0.704687 0.03125 0.028125 0.00219917
0 0.434375 0.989062 0.0625 0.021875 0.00223351
0 0.204688 0.0828125 0.034375 0.028125 0.00223351
0 0.796875 0.839063 0.025 0.028125 0.00226021
0 0.967188 0.921875 0.059375 0.05 0.00227928
0 0.295312 0.703125 0.040625 0.03125 0.00231361
0 0.429688 0.384375 0.034375 0.03125 0.00232315
0 0.985937 0.371875 0.028125 0.0375 0.00232315
0 0.201562 0.190625 0.028125 0.025 0.00233269
0 0.326562 0.676562 0.371875 0.315625 0.00234985
0 0.571875 0.725 0.31875 0.275 0.00236893
0 0.696875 0.329688 0.05 0.053125 0.00246239
0 0.123438 0.80625 0.028125 0.025 0.0024929
0 0.0421875 0.510938 0.034375 0.034375 0.00251198
0 0.425 0.589063 0.025 0.021875 0.00253105
0 0.15625 0.648438 0.025 0.028125 0.00259018
0 0.645312 0.0078125 0.040625 0.015625 0.00261116
0 0.253125 0.690625 0.03125 0.03125 0.00265312
0 0.607813 0.0546875 0.034375 0.021875 0.0026722
0 0.0109375 0.135937 0.015625 0.021875 0.00274658
0 0.1125 0.479688 0.04375 0.040625 0.00277901
0 0.390625 0.378125 0.0625 0.0375 0.00277901
0 0.98125 0.46875 0.025 0.0375 0.00279045
0 0.31875 0.36875 0.025 0.025 0.00282288
0 0.853125 0.553125 0.03125 0.03125 0.00282288
0 0.739062 0.115625 0.053125 0.03125 0.00288963
0 0.09375 0.0078125 0.03125 0.015625 0.00291252
0 0.734375 0.604688 0.03125 0.028125 0.00293541
0 0.132812 0.598437 0.028125 0.028125 0.00293541
0 0.798437 0.05625 0.034375 0.0375 0.0029583
0 0.31875 0.96875 0.1 0.05 0.00299263
0 0.104687 0.439063 0.046875 0.046875 0.00300407
0 0.889063 0.728125 0.221875 0.41875 0.00302696
0 0.70625 0.989062 0.06875 0.021875 0.00302696
0 0.192188 0.353125 0.028125 0.025 0.00313568
0 0.303125 0.117188 0.0375 0.034375 0.00313568
0 0.220313 0.567187 0.053125 0.065625 0.00316048
0 0.56875 0.99375 0.05 0.0125 0.00316048
0 0.809375 0.15625 0.04375 0.03125 0.00318527
0 0.232812 0.907812 0.034375 0.028125 0.00327301
0 0.53125 0.0328125 0.06875 0.059375 0.00327301
0 0.720312 0.579687 0.040625 0.034375 0.00328636
0 0.239063 0.423438 0.021875 0.021875 0.00328636
0 0.504687 0.95625 0.040625 0.04375 0.00331116
0 0.1875 0.43125 0.0375 0.04375 0.00341606
0 0.709375 0.420312 0.04375 0.040625 0.00345612
0 0.892187 0.321875 0.046875 0.0375 0.00352478
0 0.110937 0.89375 0.221875 0.2125 0.00358009
0 0.173438 0.889063 0.040625 0.034375 0.00365067
0 0.282813 0.814062 0.028125 0.028125 0.00365067
0 0.603125 0.590625 0.03125 0.025 0.00367928
0 0.121875 0.279687 0.025 0.028125 0.0037365
0 0.225 0.323438 0.45 0.390625 0.00376511
0 0.23125 0.11875 0.05625 0.04375 0.00376511
0 0.0921875 0.990625 0.053125 0.01875 0.00378036
0 0.0671875 0.532812 0.034375 0.028125 0.00378036
0 0.142188 0.320312 0.053125 0.046875 0.00383949
0 0.120312 0.253125 0.028125 0.025 0.00395966
0 0.709375 0.204688 0.03125 0.028125 0.00397491
0 0.0140625 0.473437 0.028125 0.034375 0.00397491
0 0.6 0.015625 0.05 0.03125 0.00397491
0 0.80625 0.304688 0.0375 0.028125 0.0041008
0 0.151562 0.745313 0.053125 0.053125 0.0041008
0 0.809375 0.728125 0.04375 0.05625 0.0041008
0 0.721875 0.525 0.48125 0.43125 0.00411606
0 0.545313 0.4125 0.034375 0.03125 0.00413513
0 0.673437 0.7375 0.021875 0.025 0.00421524
0 0.807813 0.046875 0.065625 0.05625 0.0042305
0 0.65 0.959375 0.03125 0.03125 0.00426483
0 0.0078125 0.364062 0.015625 0.034375 0.00434875
0 0.907812 0.957812 0.159375 0.084375 0.00436401
0 0.575 0.451562 0.03125 0.034375 0.00438309
0 0.884375 0.121875 0.0375 0.0375 0.00438309
0 0.10625 0.009375 0.05625 0.01875 0.00443268
0 0.548437 0.81875 0.040625 0.04375 0.00460815
0 0.0578125 0.751562 0.028125 0.028125 0.0046463
0 0.94375 0.103125 0.0375 0.03125 0.00468063
0 0.432813 0.30625 0.040625 0.04375 0.00477219
0 0.723437 0.146875 0.465625 0.29375 0.00481033
0 0.182812 0.98125 0.084375 0.0375 0.00486755
0 0.748438 0.414062 0.034375 0.028125 0.00494385
0 0.95 0.375 0.0375 0.0375 0.00502014
0 0.509375 0.3875 0.04375 0.0375 0.00503922
0 0.740625 0.384375 0.0375 0.03125 0.00508118
0 0.146875 0.375 0.29375 0.4125 0.00519943
0 0.445312 0.14375 0.034375 0.025 0.00521851
0 0.0484375 0.610937 0.028125 0.028125 0.00524139
0 0.573438 0.770312 0.528125 0.459375 0.00527954
0 0.0375 0.432813 0.04375 0.034375 0.00527954
0 0.196875 0.009375 0.05 0.01875 0.00530243
0 0.985937 0.295312 0.028125 0.034375 0.00544739
0 0.159375 0.028125 0.0375 0.03125 0.00553513
0 0.0421875 0.21875 0.028125 0.025 0.00557709
0 0.046875 0.253125 0.03125 0.025 0.00593567
0 0.620313 0.267188 0.040625 0.040625 0.00595856
0 0.79375 0.578125 0.025 0.025 0.00602722
0 0.20625 0.984375 0.05 0.03125 0.00629044
0 0.290625 0.96875 0.04375 0.03125 0.00656509
0 0.695312 0.009375 0.034375 0.01875 0.00664139
0 0.31875 0.0078125 0.0375 0.015625 0.00674438
0 0.470313 0.009375 0.053125 0.01875 0.00679779
0 0.720312 0.940625 0.028125 0.03125 0.00740433
0 0.248437 0.845312 0.046875 0.046875 0.00748825
0 0.19375 0.220313 0.025 0.021875 0.00766754
0 0.215625 0.75625 0.0375 0.0375 0.00772476
0 0.567187 0.992188 0.084375 0.015625 0.00793457
0 0.0234375 0.279687 0.028125 0.028125 0.008255
0 0.232812 0.192188 0.034375 0.028125 0.008255
0 0.1625 0.342187 0.025 0.021875 0.00844574
0 0.932813 0.21875 0.040625 0.04375 0.00844574
0 0.96875 0.33125 0.03125 0.03125 0.00854492
0 0.153125 0.657812 0.025 0.021875 0.00871277
0 0.915625 0.992188 0.08125 0.015625 0.00912476
0 0.854688 0.532812 0.028125 0.028125 0.00912476
0 0.94375 0.49375 0.0375 0.03125 0.0091629
0 0.557813 0.353125 0.034375 0.0375 0.00919342
0 0.273438 0.44375 0.028125 0.025 0.00941467
0 0.715625 0.6875 0.0375 0.0375 0.00989532
0 0.821875 0.484375 0.03125 0.025 0.0100555
0 0.596875 0.679688 0.03125 0.028125 0.0100937
0 0.0453125 0.0078125 0.040625 0.015625 0.0100937
0 0.015625 0.642187 0.03125 0.034375 0.0102921
0 0.485938 0.667188 0.034375 0.028125 0.0103683
0 0.804688 0.804688 0.034375 0.034375 0.0106125
0 0.690625 0.467187 0.03125 0.028125 0.0106506
0 0.407813 0.96875 0.053125 0.04375 0.0107346
0 0.520312 0.2625 0.028125 0.03125 0.0107803
0 0.207813 0.503125 0.028125 0.03125 0.011116
0 0.510938 0.459375 0.028125 0.03125 0.0111618
0 0.278125 0.2 0.04375 0.04375 0.0111618
0 0.828125 0.270312 0.04375 0.040625 0.0112915
0 0.507812 0.41875 0.078125 0.0875 0.0115051
0 0.573438 0.639063 0.028125 0.034375 0.011734
0 0.439063 0.69375 0.034375 0.0375 0.0119629
0 0.01875 0.204688 0.025 0.021875 0.0119629
0 0.309375 0.703125 0.05625 0.04375 0.0122375
0 0.709375 0.93125 0.29375 0.1125 0.0124283
0 0.09375 0.3125 0.03125 0.025 0.0126266
0 0.354688 0.892187 0.034375 0.034375 0.0142822
0 0.096875 0.342187 0.04375 0.046875 0.0146713
0 0.551562 0.53125 0.028125 0.025 0.0154266
0 0.560938 0.557813 0.034375 0.034375 0.0157166
0 0.645312 0.320312 0.034375 0.034375 0.0157776
0 0.629687 0.135937 0.028125 0.028125 0.0158997
0 0.629687 0.090625 0.034375 0.03125 0.0161591
0 0.104687 0.429688 0.034375 0.028125 0.0182953
0 0.375 0.239063 0.03125 0.034375 0.0193024
0 0.548437 0.629687 0.028125 0.028125 0.0197144
0 0.876562 0.628125 0.028125 0.025 0.0200195
0 0.554688 0.871875 0.034375 0.03125 0.0206451
0 0.957812 0.809375 0.084375 0.0875 0.0209656
0 0.298438 0.253125 0.028125 0.03125 0.0210876
0 0.120312 0.4375 0.028125 0.025 0.0211182
0 0.404687 0.440625 0.028125 0.025 0.0217743
0 0.651563 0.604688 0.028125 0.028125 0.0220337
0 0.226562 0.167187 0.028125 0.021875 0.0235596
0 0.265625 0.732813 0.025 0.021875 0.0236053
0 0.651563 0.434375 0.028125 0.025 0.0242767
0 0.146875 0.734375 0.0375 0.0375 0.0259552
0 0.651563 0.6625 0.021875 0.025 0.0272675
0 0.689062 0.385938 0.034375 0.034375 0.0294189
0 0.809375 0.715625 0.03125 0.03125 0.032959
0 0.528125 0.3125 0.025 0.025 0.0341797
0 0.0765625 0.182812 0.028125 0.028125 0.037262
0 0.801562 0.885938 0.053125 0.053125 0.0374756
0 0.607813 0.782812 0.028125 0.028125 0.0379639
0 0.74375 0.104687 0.05 0.040625 0.0384521
0 0.259375 0.0921875 0.03125 0.034375 0.0387573
0 0.514063 0.60625 0.028125 0.025 0.0428162
0 0.520312 0.657812 0.028125 0.028125 0.0435181
0 0.498437 0.340625 0.028125 0.025 0.0454407
0 0.403125 0.978125 0.025 0.025 0.0482178
0 0.492188 0.896875 0.034375 0.03125 0.0534058
0 0.4875 0.45625 0.025 0.025 0.0542908
0 0.795313 0.75625 0.028125 0.025 0.0544128
0 0.89375 0.742188 0.2125 0.140625 0.0559387
0 0.178125 0.570312 0.025 0.021875 0.0584412
0 0.034375 0.148438 0.025 0.021875 0.0600891
0 0.414062 0.504687 0.028125 0.028125 0.0614319
0 0.517187 0.5 0.028125 0.025 0.0640869
0 0.467187 0.376563 0.040625 0.040625 0.0663452
0 0.50625 0.6375 0.025 0.025 0.0748901
0 0.075 0.932813 0.14375 0.128125 0.0838623
0 0.551562 0.18125 0.040625 0.0375 0.0878906
0 0.609375 0.396875 0.03125 0.03125 0.0888062
0 0.571875 0.6125 0.025 0.025 0.0891113
0 0.498437 0.839063 0.040625 0.040625 0.0923462
0 0.370313 0.264062 0.021875 0.028125 0.0957031
0 0.1375 0.782812 0.0375 0.034375 0.103394
0 0.29375 0.135937 0.05625 0.059375 0.104492
0 0.65 0.467187 0.03125 0.034375 0.116333
0 0.765625 0.664062 0.03125 0.028125 0.118774
0 0.0875 0.690625 0.03125 0.03125 0.125977
0 0.121875 0.175 0.025 0.025 0.125977
0 0.146875 0.482812 0.03125 0.034375 0.164551
0 0.096875 0.151562 0.03125 0.034375 0.166626
0 0.49375 0.267188 0.0375 0.034375 0.223389
0 0.0984375 0.028125 0.040625 0.0375 0.240112
0 0.125 0.670313 0.03125 0.028125 0.248047
0 0.448438 0.04375 0.034375 0.0375 0.248047
0 0.314063 0.6875 0.071875 0.075 0.254639
0 0.453125 0.464063 0.03125 0.028125 0.262207
0 0.059375 0.373437 0.1125 0.115625 0.284668
0 0.367188 0.384375 0.021875 0.025 0.29248
0 0.151562 0.20625 0.028125 0.025 0.365723
0 0.346875 0.139062 0.0375 0.034375 0.398926
0 0.570312 0.4875 0.040625 0.0375 0.420654
0 0.321875 0.309375 0.03125 0.03125 0.421631
0 0.884375 0.967188 0.0875 0.065625 0.445557
0 0.396875 0.335938 0.03125 0.028125 0.454346
0 0.489062 0.56875 0.034375 0.0375 0.458008
0 0.845312 0.626562 0.028125 0.028125 0.475586
0 0.009375 0.0859375 0.01875 0.034375 0.516602
0 0.4125 0.40625 0.0375 0.0375 0.522461
0 0.404687 0.784375 0.046875 0.05625 0.556641
0 0.723437 0.703125 0.034375 0.03125 0.566895
0 0.68125 0.867188 0.05625 0.053125 0.587891
0 0.625 0.632812 0.03125 0.034375 0.598145
0 0.357812 0.65 0.034375 0.0375 0.610352
0 0.8125 0.604688 0.03125 0.034375 0.624512
0 0.220313 0.678125 0.040625 0.0375 0.64502
0 0.101562 0.604688 0.028125 0.028125 0.690918
0 0.4 0.565625 0.0375 0.0375 0.700684
0 0.0265625 0.857813 0.034375 0.034375 0.710449
0 0.796875 0.557813 0.03125 0.034375 0.712891
0 0.221875 0.23125 0.03125 0.03125 0.715332
0 0.890625 0.139062 0.0625 0.071875 0.715332
0 0.657812 0.51875 0.046875 0.04375 0.724121
0 0.23125 0.328125 0.075 0.06875 0.725586
0 0.170312 0.61875 0.034375 0.0375 0.803711
0 0.104687 0.0953125 0.034375 0.034375 0.819824
0 0.721875 0.50625 0.075 0.06875 0.830078
0 0.573438 0.76875 0.084375 0.075 0.833496
0 0.734375 0.078125 0.08125 0.09375 0.839844
0 0.339063 0.439063 0.040625 0.040625 0.850098
0 0.932813 0.61875 0.046875 0.04375 0.86377
0 0.196875 0.43125 0.0625 0.0625 0.891113
0 0.34375 0.573438 0.0625 0.059375 0.910645
0 0.98125 0.660937 0.0375 0.059375 0.941895
