0 0.653125 0.4703125 0.025 0.028125
0 0.0875 0.690625 0.03125 0.03125
0 0.146875 0.734375 0.0375 0.0375
0 0.4140625 0.503125 0.028125 0.025
0 0.1390625 0.7828125 0.040625 0.034375
0 0.4484375 0.04375 0.034375 0.0375
0 0.55 0.18125 0.04375 0.0375
0 0.890625 0.1390625 0.0625 0.078125
0 0.725 0.703125 0.03125 0.03125
0 0.10 0.0265625 0.04375 0.040625
0 0.221875 0.678125 0.0375 0.0375
0 0.3109375 0.6875 0.071875 0.075
0 0.8125 0.6046875 0.03125 0.034375
0 0.6265625 0.6328125 0.034375 0.034375
0 0.1515625 0.2078125 0.028125 0.028125
0 0.796875 0.5578125 0.03125 0.034375
0 0.4125 0.40625 0.0375 0.0375
0 0.10 0.60625 0.03125 0.03125
0 0.403125 0.565625 0.0375 0.0375
0 0.340625 0.4390625 0.04375 0.040625
0 0.171875 0.61875 0.0375 0.0375
0 0.0265625 0.859375 0.034375 0.0375
0 0.2328125 0.328125 0.071875 0.06875
0 0.6578125 0.51875 0.046875 0.04375
0 0.9828125 0.6609375 0.034375 0.059375
0 0.4890625 0.56875 0.034375 0.0375
0 0.734375 0.075 0.08125 0.1
0 0.1046875 0.09375 0.034375 0.0375
0 0.575 0.7671875 0.08125 0.078125
0 0.6796875 0.8671875 0.059375 0.053125
0 0.34375 0.5734375 0.0625 0.059375
0 0.9328125 0.61875 0.046875 0.05
0 0.7234375 0.5046875 0.071875 0.065625
0 0.196875 0.43125 0.0625 0.0625
0 0.3984375 0.3328125 0.021875 0.021875
0 0.41875 0.3671875 0.05625 0.053125
0 0.3578125 0.6453125 0.015625 0.015625
